99999999999999999999
80000000000000000008
80000000000000000008
80000000000000000008
80000000000000000008
80000000000000000008
80000000000000000008
80000000000000000008
80000000000000000008
80000000000000000008
80000000000000000008
80000000000000000008
80000000000000000008
80000000000000000008
80000000000000000008
80000000000000000008
80000000000000000008
80000000000000000008
80000000000000000008
80000000000000000008
80000000000000000008
80000000000000000008
80000000000000000008
80000000000000000008
80000000000000000008
80000000000000000008
80000000000000000008
80000000000000000008
80000000000000000008
80000000000000000008
80000000000000000008
